520.94488	25
521.04234	7
521.13981	4
521.23726	-33
521.33471	28
521.43216	-11
521.5296	-21
521.62704	-34
521.72447	-7
521.82189	-9
521.91931	-18
522.01672	0
522.11413	10
522.21153	-4
522.30893	-7
522.40632	6
522.50371	0
522.60109	5
522.69846	-7
522.79583	11
522.89319	39
522.99055	30
523.08791	-36
523.18525	-16
523.28259	3
523.37993	-2
523.47726	-34
523.57459	-7
523.67191	16
523.76922	-16
523.86653	11
523.96383	-22
524.06113	19
524.15842	1
524.2557	5
524.35299	-35
524.45026	-10
524.54753	25
524.64479	-22
524.74205	-10
524.8393	4
524.93655	24
525.03379	-39
525.13103	-21
525.22826	-5
525.32548	26
525.4227	-1
525.51991	29
525.61712	-19
525.71432	51
525.81152	-33
525.90871	-1
526.00589	7
526.10307	-11
526.20024	2
526.29741	-32
526.39457	-6
526.49173	13
526.58888	-39
526.68602	-18
526.78316	-16
526.8803	19
526.97742	-12
527.07455	-8
527.17166	10
527.26877	19
527.36588	19
527.46298	22
527.56007	40
527.65716	40
527.75424	25
527.85132	-11
527.94839	11
528.04545	-7
528.14251	-18
528.23956	-18
528.33661	2
528.43365	9
528.53069	7
528.62772	-36
528.72474	6
528.82176	19
528.91877	3
529.01578	-25
529.11278	12
529.20978	9
529.30676	8
529.40375	20
529.50073	20
529.5977	1
529.69466	-6
529.79162	-17
529.88858	-4
529.98553	-5
530.08247	25
530.17941	-20
530.27634	27
530.37326	31
530.47018	-16
530.56709	5
530.664	18
530.7609	9
530.8578	-12
530.95469	-17
531.05157	-2
531.14845	10
531.24532	-10
531.34219	-1
531.43905	21
531.5359	8
531.63275	-16
531.72959	16
531.82643	-16
531.92326	21
532.02008	2
532.1169	-16
532.21371	2
532.31052	11
532.40732	14
532.50412	3
532.6009	16
532.69769	21
532.79446	9
532.89124	2
532.988	-8
533.08476	-20
533.18151	-20
533.27826	0
533.375	-11
533.47173	39
533.56846	27
533.66519	-6
533.7619	12
533.85861	3
533.95532	-29
534.05202	-16
534.14871	7
534.2454	30
534.34208	22
534.43875	-19
534.53542	20
534.63208	11
534.72874	-26
534.82539	-6
534.92203	38
535.01867	14
535.1153	-13
535.21193	-22
535.30855	40
535.40516	-26
535.50177	-7
535.59837	25
535.69496	15
535.79155	14
535.88814	12
535.98471	3
536.08128	-5
536.17785	31
536.27441	0
536.37096	-2
536.46751	41
536.56405	-5
536.66058	-5
536.75711	15
536.85363	-29
536.95014	28
537.04665	22
537.14316	3
537.23965	16
537.33614	12
537.43263	-10
537.52911	-4
537.62558	11
537.72204	-3
537.8185	-1
537.91496	16
538.0114	36
538.10785	11
538.20428	-4
538.30071	-44
538.39713	15
538.49355	11
538.58996	-12
538.68636	17
538.78276	8
538.87915	-50
538.97553	-17
539.07191	-17
539.16828	9
539.26465	-1
539.36101	-20
539.45736	22
539.55371	-9
539.65005	28
539.74638	1
539.84271	-30
539.93903	2
540.03535	13
540.13166	11
540.22796	-9
540.32426	31
540.42055	-3
540.51683	-33
540.61311	24
540.70938	18
540.80564	-11
540.9019	3
540.99815	-17
541.0944	40
541.19064	9
541.28687	-3
541.3831	0
541.47932	8
541.57553	-2
541.67174	4
541.76794	11
541.86414	16
541.96032	8
542.05651	1
542.15268	-5
542.24885	-11
542.34501	16
542.44117	-5
542.53732	-1
542.63346	9
542.7296	16
542.82573	4
542.92185	15
543.01797	1
543.11408	-11
543.21018	-7
543.30628	-6
543.40237	11
543.49846	-4
543.59454	22
543.69061	23
543.78668	0
543.88273	-30
543.97879	-17
544.07483	-11
544.17087	27
544.26691	13
544.36293	-22
544.45895	17
544.55497	16
544.65097	19
544.74697	-8
544.84297	-2
544.93895	-1
545.03493	14
545.13091	12
545.22688	9
545.32284	15
545.41879	7
545.51474	13
545.61068	0
545.70662	38
545.80254	8
545.89847	-35
545.99438	17
546.09029	13
546.18619	5
546.28209	-13
546.37798	10
546.47386	22
546.56973	-11
546.6656	1
546.76146	1
546.85732	8
546.95317	3
547.04901	27
547.14485	-34
547.24067	26
547.3365	10
547.43231	-13
547.52812	3
547.62392	13
547.71972	-3
547.81551	-5
547.91129	-7
548.00706	12
548.10283	-18
548.1986	-32
548.29435	-13
548.3901	24
548.48584	28
548.58158	6
548.67731	3
548.77303	3
548.86874	-9
548.96445	-9
549.06015	-38
549.15585	8
549.25154	-5
549.34722	-29
549.44289	7
549.53856	27
549.63422	13
549.72987	0
549.82552	-15
549.92116	34
550.0168	8
550.11242	-16
550.20804	17
550.30366	5
550.39926	19
550.49486	-14
550.59046	19
550.68604	8
550.78162	-29
550.8772	-41
550.97276	-9
551.06832	16
551.16387	32
551.25942	-26
551.35496	2
551.45049	0
551.54601	15
551.64153	8
551.73704	-21
551.83255	27
551.92804	34
552.02353	-16
552.11902	-20
552.21449	13
552.30996	10
552.40543	-35
552.50088	7
552.59633	-5
552.69177	-10
552.78721	-12
552.88264	-3
552.97806	7
553.07347	9
553.16888	-1
553.26428	-3
553.35968	24
553.45506	23
553.55044	-20
553.64582	-1
553.74118	11
553.83654	20
553.93189	3
554.02724	-40
554.12258	11
554.21791	15
554.31323	-1
554.40855	-3
554.50386	25
554.59916	23
554.69446	-23
554.78975	-11
554.88503	26
554.9803	6
555.07557	-9
555.17083	11
555.26609	-8
555.36133	-8
555.45657	-7
555.55181	-11
555.64703	33
555.74225	-15
555.83746	-11
555.93267	-11
556.02786	5
556.12305	10
556.21824	16
556.31341	27
556.40858	15
556.50375	27
556.5989	-3
556.69405	-35
556.78919	20
556.88432	0
556.97945	-28
557.07457	-14
557.16968	-27
557.26479	36
557.35989	-3
557.45498	-16
557.55006	-15
557.64514	23
557.74021	2
557.83527	3
557.93032	24
558.02537	29
558.12041	-18
558.21545	-5
558.31047	18
558.40549	-3
558.50051	-4
558.59551	6
558.69051	2
558.7855	14
558.88048	-12
558.97546	5
559.07043	10
559.16539	8
559.26034	1
559.35529	17
559.45023	31
559.54517	12
559.64009	1
559.73501	8
559.82992	-30
559.92482	6
560.01972	1
560.11461	-15
560.20949	36
560.30437	9
560.39924	-36
560.4941	-5
560.58895	-16
560.68379	24
560.77863	-9
560.87346	-34
560.96829	9
561.06311	16
561.15791	1
561.25272	-36
561.34751	24
561.4423	-3
561.53708	23
561.63185	15
561.72662	-7
561.82138	-6
561.91613	-6
562.01087	4
562.10561	-14
562.20033	-8
562.29506	27
562.38977	0
562.48448	26
562.57917	14
562.67387	4
562.76855	14
562.86323	4
562.9579	22
563.05256	-29
563.14721	-23
563.24186	4
563.3365	13
563.43113	-43
563.52576	-8
563.62038	-6
563.71499	-11
563.80959	2
563.90419	-6
563.99877	8
564.09335	5
564.18793	-1
564.28249	18
564.37705	-11
564.4716	8
564.56615	-11
564.66068	-23
564.75521	6
564.84973	-16
564.94424	4
565.03875	-22
565.13325	4
565.22774	-11
565.32222	-8
565.4167	-27
565.51117	-2
565.60563	19
565.70008	-27
565.79453	10
565.88896	15
565.9834	9
566.07782	-24
566.17223	4
566.26664	15
566.36104	17
566.45544	12
566.54982	26
566.6442	28
566.73857	-11
566.83293	-12
566.92729	-22
567.02163	55
567.11597	9
567.21031	7
567.30463	-6
567.39895	33
567.49326	3
567.58756	19
567.68185	1
567.77614	22
567.87042	12
567.96469	-6
568.05895	13
568.15321	25
568.24746	9
568.3417	18
568.43593	-10
568.53016	3
568.62438	20
568.71859	13
568.81279	-28
568.90698	32
569.00117	25
569.09535	19
569.18952	23
569.28369	18
569.37784	32
569.47199	-11
569.56613	-29
569.66027	43
569.75439	15
569.84851	-30
569.94262	11
570.03672	16
570.13082	7
570.2249	-9
570.31898	-19
570.41305	3
570.50712	1
570.60117	18
570.69522	12
570.78926	26
570.88329	-9
570.97732	-14
571.07134	41
571.16534	-17
571.25935	-21
571.35334	-12
571.44733	-17
571.5413	14
571.63527	18
571.72924	8
571.82319	10
571.91714	36
572.01108	8
572.10501	-29
572.19893	8
572.29285	14
572.38675	19
572.48065	-5
572.57455	20
572.66843	7
572.76231	-9
572.85618	7
572.95004	-26
573.04389	33
573.13773	3
573.23157	-26
573.3254	-18
573.41922	35
573.51303	-10
573.60684	-18
573.70064	-1
573.79443	-5
573.88821	-1
573.98198	-9
574.07575	-19
574.1695	23
574.26325	3
574.357	24
574.45073	23
574.54446	10
574.63817	20
574.73188	12
574.82559	12
574.91928	23
575.01297	15
575.10665	-25
575.20032	14
575.29398	4
575.38763	29
575.48128	-24
575.57492	-5
575.66855	15
575.76217	17
575.85578	-24
575.94939	-4
576.04299	37
576.13658	12
576.23016	7
576.32374	1
576.4173	11
576.51086	-12
576.60441	-37
576.69795	11
576.79149	23
576.88501	3
576.97853	-15
577.07204	6
577.16554	-7
577.25904	2
577.35252	16
577.446	-21
577.53947	-2
577.63293	5
577.72638	2
577.81983	-5
577.91327	12
578.00669	1
578.10012	-14
578.19353	9
578.28693	-10
578.38033	11
578.47372	-1
578.5671	-15
578.66047	10
578.75383	29
578.84719	-1
578.94054	-2
579.03388	33
579.12721	-1
579.22053	-15
579.31385	4
579.40715	-3
579.50045	11
579.59374	-8
579.68702	-20
579.7803	7
579.87356	29
579.96682	-3
580.06007	27
580.15331	-3
580.24655	-24
580.33977	3
580.43299	10
580.52619	-3
580.61939	34
580.71259	-8
580.80577	6
580.89895	15
580.99211	7
581.08527	-9
581.17842	7
581.27156	-8
581.3647	13
581.45782	11
581.55094	10
581.64405	2
581.73715	13
581.83024	3
581.92333	-18
582.0164	-13
582.10947	26
582.20253	-25
582.29558	13
582.38862	22
582.48166	24
582.57469	-28
582.6677	-3
582.76071	19
582.85371	2
582.94671	8
583.03969	9
583.13267	-2
583.22563	21
583.31859	-3
583.41154	-14
583.50449	12
583.59742	29
583.69035	5
583.78326	9
583.87617	22
583.96907	7
584.06197	12
584.15485	9
584.24772	15
584.34059	8
584.43345	3
584.5263	16
584.61914	33
584.71198	-7
584.8048	-6
584.89762	31
584.99042	6
585.08322	15
585.17601	-5
585.2688	3
585.36157	25
585.45434	46
585.54709	8
585.63984	10
585.73258	38
585.82531	19
585.91804	-1
586.01075	29
586.10346	32
586.19616	31
586.28885	-11
586.38153	17
586.4742	33
586.56686	32
586.65952	15
586.75216	10
586.8448	38
586.93743	460
587.03005	1226
587.12266	2021
587.21527	2166
587.30786	2107
587.40045	2632
587.49303	3035
587.5856	2525
587.67816	2273
587.77071	2223
587.86325	1782
587.95579	2047
588.04832	2374
588.14083	2007
588.23334	1070
588.32584	525
588.41834	224
588.51082	116
588.6033	59
588.69576	35
588.78822	31
588.88067	-13
588.97311	7
589.06554	21
589.15796	34
589.25038	-9
589.34278	2
589.43518	2
589.52757	44
589.61995	-10
589.71232	-2
589.80468	35
589.89704	8
589.98938	6
590.08172	-16
590.17405	9
590.26637	0
590.35868	-3
590.45098	2
590.54327	8
590.63555	9
590.72783	-10
590.8201	2
590.91235	21
591.0046	-5
591.09684	7
591.18908	7
591.2813	6
591.37351	2
591.46572	-26
591.55792	1
591.6501	10
591.74228	22
591.83445	-30
591.92661	4
592.01877	35
592.11091	1
592.20305	3
592.29517	30
592.38729	0
592.4794	8
592.5715	-29
592.66359	-8
592.75567	44
592.84775	17
592.93981	-8
593.03187	8
593.12391	4
593.21595	10
593.30798	14
593.4	-3
593.49201	2
593.58402	-10
593.67601	-19
593.768	-7
593.85997	-20
593.95194	19
594.0439	26
594.13585	12
594.22779	3
594.31972	-8
594.41164	-11
594.50356	-13
594.59546	19
594.68736	12
594.77924	0
594.87112	-16
594.96299	13
595.05485	8
595.1467	2
595.23855	25
595.33038	6
595.4222	-15
595.51402	-9
595.60583	-34
595.69762	-13
595.78941	-20
595.88119	10
595.97296	-25
596.06472	1
596.15648	11
596.24822	18
596.33996	-8
596.43168	3
596.5234	38
596.61511	13
596.7068	-5
596.79849	0
596.89017	0
596.98185	-27
597.07351	2
597.16516	32
597.25681	1
597.34844	-38
597.44007	24
597.53169	30
597.62329	-11
597.71489	-8
597.80648	10
597.89806	10
597.98964	4
598.0812	-24
598.17275	-11
598.2643	24
598.35583	-13
598.44736	-17
598.53888	-1
598.63039	22
598.72189	13
598.81338	7
598.90486	9
598.99633	-6
599.08779	-1
599.17924	14
599.27069	7
599.36212	1
599.45355	-5
599.54497	-28
599.63638	-7
599.72777	-9
599.81916	8
599.91054	-1
600.00191	-3
600.09328	10
600.18463	19
600.27597	-8
600.36731	-22
600.45863	19
600.54995	-2
600.64126	-10
600.73255	-15
600.82384	-8
600.91512	0
601.00639	-26
601.09765	13
601.1889	14
601.28014	-3
601.37138	-2
601.4626	-9
601.55382	21
601.64502	-9
601.73622	-4
601.8274	-25
601.91858	-8
602.00975	5
602.10091	3
602.19206	8
602.2832	16
602.37433	-13
602.46545	-10
602.55656	-10
602.64767	18
602.73876	-27
602.82984	17
602.92092	-1
603.01198	5
603.10304	-12
603.19409	-10
603.28513	1
603.37615	-17
603.46717	15
603.55818	-8
603.64918	-2
603.74017	-7
603.83116	-23
603.92213	-2
604.01309	38
604.10404	18
604.19499	61
604.28592	-6
604.37685	-10
604.46776	-9
604.55867	9
604.64957	-1
604.74046	3
604.83133	35
604.9222	40
605.01306	-9
605.10391	-5
605.19475	17
605.28558	-15
605.37641	6
605.46722	-11
605.55802	4
605.64881	-1
605.7396	-4
605.83037	2
605.92114	25
606.01189	1
606.10264	-1
606.19338	-24
606.2841	23
606.37482	-4
606.46553	-5
606.55623	-15
606.64692	35
606.7376	9
606.82827	0
606.91893	-15
607.00958	21
607.10022	14
607.19085	-4
607.28147	24
607.37209	6
607.46269	10
607.55328	-28
607.64387	-15
607.73444	9
607.82501	-2
607.91556	-12
608.00611	4
608.09665	-1
608.18717	3
608.27769	-8
608.3682	-6
608.45869	1
608.54918	25
608.63966	-14
608.73013	21
608.82059	12
608.91104	5
609.00148	-4
609.09191	3
609.18233	-25
609.27274	25
609.36315	5
609.45354	-22
609.54392	12
609.63429	10
609.72466	-48
609.81501	9
609.90535	15
609.99569	26
610.08601	-12
610.17633	-2
610.26663	12
610.35693	33
610.44721	-18
610.53749	-21
610.62776	9
610.71801	-9
610.80826	-5
610.8985	-9
610.98873	13
611.07894	8
611.16915	-28
611.25935	7
611.34954	-9
611.43972	34
611.52989	-3
611.62005	-12
611.7102	12
611.80034	0
611.89047	-4
611.98059	-12
612.0707	10
612.1608	11
612.25089	4
612.34097	24
612.43104	11
612.5211	-5
612.61115	-23
612.7012	-18
612.79123	10
612.88125	12
612.97126	12
613.06127	-8
613.15126	-4
613.24124	4
613.33122	-4
613.42118	-11
613.51113	-12
613.60108	-3
613.69101	-4
613.78093	-25
613.87085	13
613.96075	24
614.05065	6
614.14053	-12
614.23041	-4
614.32027	-3
614.41013	-11
614.49997	28
614.58981	23
614.67963	1
614.76945	-11
614.85925	-14
614.94905	2
615.03883	-9
615.12861	-2
615.21837	-2
615.30813	8
615.39788	-17
615.48761	19
615.57734	13
615.66705	-8
615.75676	4
615.84646	-8
615.93614	-7
616.02582	-9
616.11548	43
616.20514	-11
616.29479	17
616.38442	38
616.47405	3
616.56366	-15
616.65327	-13
616.74287	25
616.83245	17
616.92203	3
617.0116	-12
617.10115	-7
617.1907	16
617.28023	-26
617.36976	20
617.45928	3
617.54878	23
617.63828	-3
617.72776	-24
617.81724	41
617.9067	-16
617.99616	14
618.08561	-32
618.17504	-22
618.26447	20
618.35388	-22
618.44329	38
618.53268	2
618.62207	27
618.71144	-15
618.80081	-27
618.89016	2
618.97951	28
619.06884	-21
619.15816	-17
619.24748	16
619.33678	-11
619.42608	-8
619.51536	16
619.60463	-15
619.6939	7
619.78315	1
619.87239	18
619.96163	18
620.05085	21
620.14006	-27
620.22926	-32
620.31846	20
620.40764	-13
620.49681	2
620.58597	-30
620.67512	11
620.76426	34
620.85339	-19
620.94252	-17
621.03163	-16
621.12073	-16
621.20982	-8
621.2989	22
621.38797	33
621.47702	19
621.56607	-40
621.65511	-6
621.74414	25
621.83316	-1
621.92217	-13
622.01117	-23
622.10015	3
622.18913	-10
622.2781	-4
622.36705	18
622.456	12
622.54494	-14
622.63386	-13
622.72278	-26
622.81168	22
622.90058	16
622.98946	-15
623.07834	-13
623.1672	-16
623.25605	12
623.3449	-7
623.43373	9
623.52255	1
623.61136	-10
623.70017	-12
623.78896	-10
623.87774	16
623.96651	-31
624.05527	-25
624.14402	5
624.23276	22
624.32149	17
624.41021	-29
624.49892	21
624.58761	11
624.6763	-8
624.76498	7
624.85364	2
624.9423	20
625.03095	10
625.11958	-36
625.20821	-15
625.29682	21
625.38543	3
625.47402	-25
625.5626	-18
625.65118	-16
625.73974	3
625.82829	4
625.91683	-25
626.00536	2
626.09388	-7
626.18239	-9
626.27089	2
626.35938	2
626.44786	21
626.53633	-12
626.62479	1
626.71323	26
626.80167	7
626.8901	10
626.97851	6
627.06692	27
627.15531	25
627.24369	-3
627.33207	-9
627.42043	-6
627.50878	19
627.59712	-9
627.68545	4
627.77378	-4
627.86209	18
627.95038	-8
628.03867	8
628.12695	2
628.21522	19
628.30348	-29
628.39172	-4
628.47996	12
628.56818	-13
628.6564	-18
628.7446	4
628.8328	9
628.92098	6
629.00915	0
629.09731	-5
629.18546	14
629.2736	4
629.36173	-7
629.44985	-35
629.53796	-8
629.62606	-7
629.71415	-6
629.80222	-11
629.89029	6
629.97834	21
630.06639	-9
630.15442	-4
630.24244	1
630.33046	6
630.41846	-10
630.50645	-14
630.59443	22
630.6824	-22
630.77036	-22
630.8583	-21
630.94624	14
631.03417	-5
631.12208	-18
631.20999	24
631.29788	31
631.38577	-7
631.47364	5
631.5615	3
631.64935	6
631.73719	29
631.82502	5
631.91284	2
632.00065	-16
632.08845	15
632.17623	15
632.26401	5
632.35178	17
632.43953	-5
632.52727	-31
632.61501	11
632.70273	-3
632.79044	-23
632.87814	-23
632.96583	-9
633.05351	3
633.14118	32
633.22883	0
633.31648	14
633.40411	11
633.49174	5
633.57935	4
633.66695	-3
633.75455	6
633.84213	-14
633.9297	7
634.01726	-13
634.1048	36
634.19234	11
634.27987	3
634.36738	-47
634.45489	8
634.54238	-2
634.62986	-5
634.71734	-13
634.8048	18
634.89225	-1
634.97969	-5
635.06711	5
635.15453	-17
635.24194	-33
635.32933	-19
635.41672	21
635.50409	15
635.59145	20
635.6788	-5
635.76615	-4
635.85347	-9
635.94079	8
636.0281	-19
636.1154	6
636.20268	6
636.28996	5
636.37722	15
636.46447	-2
636.55172	4
636.63895	-14
636.72617	12
636.81337	11
636.90057	29
636.98776	13
637.07493	4
637.1621	-41
637.24925	19
637.33639	-4
637.42353	1
637.51065	8
637.59775	23
637.68485	-1
637.77194	-8
637.85902	-7
637.94608	15
638.03313	-16
638.12018	9
638.20721	-17
638.29423	3
638.38124	20
638.46824	-19
638.55522	-22
638.6422	29
638.72916	21
638.81612	-35
638.90306	-6
638.98999	-10
639.07691	12
639.16382	-4
639.25072	2
639.33761	20
639.42448	3
639.51135	-18
639.5982	-13
639.68504	8
639.77187	17
639.85869	-5
639.9455	-6
640.0323	12
640.11909	5
640.20586	-17
640.29262	16
640.37938	-6
640.46612	1
640.55285	-9
640.63957	11
640.72628	18
640.81297	0
640.89966	-4
640.98633	-8
641.07299	49
641.15965	23
641.24629	-12
641.33291	-6
641.41953	-3
641.50614	10
641.59273	-21
641.67932	-16
641.76589	28
641.85245	7
641.939	-13
642.02554	12
642.11207	13
642.19859	-6
642.28509	-10
642.37158	-2
642.45807	17
642.54454	0
642.631	-30
642.71745	-38
642.80388	15
642.89031	4
642.97672	3
643.06313	7
643.14952	20
643.2359	9
643.32227	-26
643.40862	18
643.49497	2
643.5813	-19
643.66763	13
643.75394	-3
643.84024	-4
643.92653	38
644.01281	-41
644.09907	-7
644.18533	33
644.27157	19
644.35781	8
644.44403	-18
644.53024	15
644.61643	-8
644.70262	-31
644.78879	9
644.87496	-7
644.96111	21
645.04725	-21
645.13338	0
645.2195	46
645.3056	5
645.3917	19
645.47778	-7
645.56386	5
645.64992	8
645.73596	-29
645.822	-19
645.90803	20
645.99404	-4
646.08005	4
646.16604	-3
646.25202	10
646.33799	0
646.42394	-24
646.50989	-15
646.59582	26
646.68174	8
646.76765	-1
646.85355	-31
646.93944	10
647.02532	31
647.11118	-36
647.19704	7
647.28288	10
647.36871	-14
647.45453	-14
647.54033	6
647.62613	8
647.71191	7
647.79768	1
647.88344	3
647.96919	25
648.05493	0
648.14065	-29
648.22637	-19
648.31207	16
648.39776	7
648.48344	9
648.56911	5
648.65476	32
648.74041	3
648.82604	-22
648.91166	3
648.99727	-3
649.08287	-3
649.16845	-6
649.25403	-34
649.33959	-17
649.42514	-16
649.51068	27
649.59621	-11
649.68172	11
649.76723	-9
649.85272	-25
649.9382	-44
650.02367	10
650.10913	8
650.19457	-23
650.28001	11
650.36543	1
650.45084	20
650.53624	-1
650.62162	-19
650.707	6
650.79236	-5
650.87771	-12
650.96305	-2
651.04838	12
651.1337	-3
651.219	-12
651.30429	-7
651.38958	-15
651.47484	5
651.5601	-21
651.64535	-3
651.73058	-1
651.8158	16
651.90101	11
651.98621	-24
652.0714	16
652.15657	12
652.24174	15
652.32689	-2
652.41203	4
652.49715	-2
652.58227	-9
652.66737	5
652.75246	3
652.83754	1
652.92261	-11
653.00767	-5
653.09271	-11
653.17775	-1
653.26277	20
653.34778	5
653.43277	15
653.51776	9
653.60273	-13
653.68769	-3
653.77264	-2
653.85758	-12
653.9425	-25
654.02742	2
654.11232	-15
654.19721	-7
654.28209	-7
654.36695	-6
654.45181	7
654.53665	-16
654.62148	2
654.70629	17
654.7911	-2
654.87589	9
654.96068	-2
655.04545	27
655.13021	12
655.21495	1
655.29969	-20
655.38441	-5
655.46912	23
655.55382	5
655.6385	18
655.72318	16
655.80784	16
655.89249	6
655.97713	-27
656.06175	-15
656.14637	5
656.23097	20
656.31556	-32
656.40014	4
656.4847	17
656.56926	-37
656.6538	-12
656.73833	-15
656.82284	17
656.90735	23
656.99184	12
657.07632	19
657.16079	14
657.24525	7
657.3297	7
657.41413	-14
657.49855	33
657.58296	-28
657.66735	-5
657.75174	-2
657.83611	-3
657.92047	6
658.00482	-4
658.08916	-6
658.17348	-8
658.25779	-16
658.34209	15
658.42638	26
658.51065	45
658.59492	3
658.67917	-13
658.76341	-15
658.84763	37
658.93185	17
659.01605	11
659.10024	2
659.18442	22
659.26858	8
659.35274	-1
659.43688	6
659.52101	-13
659.60512	20
659.68923	11
659.77332	-18
659.8574	-6
659.94147	8
660.02552	-8
660.10957	9
660.1936	14
660.27762	-6
660.36162	-7
660.44562	12
660.5296	-16
660.61357	25
660.69753	-12
660.78147	-15
660.86541	16
660.94933	-11
661.03323	4
661.11713	-17
661.20101	42
661.28489	-4
661.36874	3
661.45259	14
661.53643	12
661.62025	26
661.70406	2
661.78786	-9
661.87164	8
661.95541	16
662.03917	-6
662.12292	20
662.20666	-3
662.29038	3
662.37409	-6
662.45779	13
662.54148	26
662.62515	-20
662.70881	-3
662.79246	13
662.8761	1
662.95972	7
663.04334	21
663.12694	-29
663.21052	9
663.2941	8
663.37766	-14
663.46121	-9
663.54475	22
663.62827	-35
663.71178	7
663.79528	-6
663.87877	-17
663.96225	21
664.04571	-24
664.12916	-1
664.2126	25
664.29602	4
664.37944	37
664.46284	-6
664.54623	26
664.6296	3
664.71296	-8
664.79631	-8
664.87965	-18
664.96298	12
665.04629	-1
665.12959	5
665.21288	10
665.29616	6
665.37942	13
665.46267	1
665.54591	5
665.62913	4
665.71234	-14
665.79554	-25
665.87873	43
665.96191	1
666.04507	-4
666.12822	-5
666.21136	-11
666.29448	7
666.37759	-16
666.46069	3
666.54378	-30
666.62686	-8
666.70992	-17
666.79297	18
666.876	7
666.95903	25
667.04204	-6
667.12504	-11
667.20802	12
667.291	-4
667.37396	-21
667.45691	-6
667.53984	16
667.62277	7
667.70568	-2
667.78857	-5
667.87146	22
667.95433	-13
668.03719	9
668.12004	-2
668.20287	11
668.28569	-22
668.3685	0
668.4513	-18
668.53408	12
668.61685	10
668.69961	8
668.78236	-10
668.86509	10
668.94781	13
669.03052	3
669.11321	-22
669.19589	1
669.27856	-29
669.36122	21
669.44386	-1
669.52649	8
669.60911	36
669.69172	9
669.77431	-19
669.85689	19
669.93946	-19
670.02201	-16
670.10455	-35
670.18708	17
670.2696	-15
670.3521	-4
670.43459	-3
670.51707	9
670.59953	-15
670.68199	6
670.76442	2
670.84685	-9
670.92926	-23
